1
22
0  21   11   V1
1  19.5 10.5 V2
2  13.5 8.5  V3
3  8.5  12.1 V4
4  10   7.5  V5
5  10   4    V6
6  11   1.1  V7
7  9    0.9  V8
8  6.9  2.1  V9
9  8.5  3.5  V10
10 6.5  5    V11
11 7.5  6.5  V12
12 5.5  8.5  V13
13 5.2  10.5 V14
14 6    12   V15
15 5    11.9 V16
16 3.1  11   V17
17 3.3  8.5  V18
18 2.5  6    V19
19 3    3.5  V20
20 0    5    V21
21 1.5  0    V22
21
21 19 100 R1
20 19 100 R2
19 11 100 R3
18 11 100 R4
12 11 100 R5
17 12 100 R6
13 12 100 R7
14 13 100 R8
15 13 100 R9
16 12 100 R10
10 9  100 R11
8  9  100 R12
9  5  100 R13
7  5  100 R14
6  5  100 R15
5  4  100 R16
11 4  100 R17
4  2  100 R18
3  2  100 R19
2  1  100 R20
1  0  100 R21